frame_id: /gps

uav_n: 2

uav_1:
  wp_n: 5
  wp_0: [37.53395183, -6.30202933, 10, 0.0]
  wp_1: [37.53417005, -6.30150821, 10, 10.0]
  wp_2: [37.53401713, -6.30139770, 10, 20.0]
  wp_3: [37.53379289, -6.30191991, 10, 50.0 ]
  wp_4: [37.53360706, -6.30226291, 10, 60.0]

uav_2:
  wp_n: 13
  wp_0: [37.53368267, -6.30200615, 8, 20.0]
  wp_1: [37.53381325, -6.30191297, 12, 40.0]
  wp_2: [37.53388800, -6.30173855, 20, 60.0]
  wp_3: [37.53399195, -6.30150345, 12, 80.0]
  wp_4: [37.53402288, -6.30143194, 20, 90.0]
  wp_5: [37.53402288, -6.30143194, 12, 100.0]
  wp_6: [37.53414316, -6.30151861, 8, 110.0]
  wp_7: [37.53414316, -6.30151861, 12, 120.0]
  wp_8: [37.53411395, -6.30159120, 20, 140.0]
  wp_9: [37.53401429, -6.30182197, 12, 150.0]
  wp_10: [37.53393267, -6.30201265, 20, 160.0]
  wp_11: [37.53391206, -6.30204623, 8, 120.0]
  wp_12: [37.53368868, -6.30223908, 20, 90.0]
  attributes:
    mode_landing: 2
    mode_yaw: 3