frame_id: /gps

uav_n: 2

uav_1:
  wp_n: 5
  wp_0: [37.53395183, -6.30202933, 10]
  wp_1: [37.53417005, -6.30150821, 10]
  wp_2: [37.53401713, -6.30139770, 10]
  wp_3: [37.53379289, -6.30191991, 10]
  wp_4: [37.53360706, -6.30226291, 10]

uav_2:
  wp_n: 14
  wp_0: [37.53368267, -6.30200615, 8]
  wp_1: [37.53381325, -6.30191297, 8]
  wp_2: [37.53388800, -6.30173855, 8]
  wp_3: [37.53399195, -6.30150345, 8]
  wp_4: [37.53402288, -6.30143194, 8]
  wp_5: [37.53402288, -6.30143194, 10]
  wp_6: [37.53414316, -6.30151861, 8]
  wp_7: [37.53414316, -6.30151861, 10]
  wp_8: [37.53411395, -6.30159120, 8]
  wp_9: [37.53401429, -6.30182197, 8]
  wp_10: [37.53393267, -6.30201265, 8]
  wp_11: [37.53391206, -6.30204623, 8]
  wp_12: [37.53368868, -6.30223908, 8]
  wp_13: [37.53368267, -6.30200615, 8]

mode_landing: 2