frame_id: /gps

uav_n: 2

uav_1: 
  wp_n: 2
  wp_0: [37.41031068465123, -6.002381443977357, 5]
  wp_1: [37.410340511545286, -6.002408266067506, 5] # Base de recarga

uav_2: 
  wp_n: 2
  wp_0: [37.41039164333599, -6.002258062362671, 5]
  wp_1: [37.41042147019781, -6.002300977706909, 5]
  wp_2: [37.41040442627823, -6.0022902488708505, 5] # sin base de recarga