frame_id: /gps

uav_n: 1

uav_1: 
  wp_n: 2
  wp_0: [38.1392502644, -3.17356931502, 8]
  wp_1: [38.1392055332, -3.1737591943, 10] # Base de recarga 2
