frame_id: /gps

uav_n: 2

uav_1: 
  wp_n: 3
  wp_0: [37.410414355173124, -6.002440084079071, 1]
  wp_1: [37.410311026343386, -6.002467576722692, 2] 
  wp_2: [37.41033605962967, -6.002250317782855, 1] 

uav_2: 
  wp_n: 3
  wp_0: [37.410414355173124, -6.002440084079071, 1]
  wp_1: [37.410311026343386, -6.002467576722692, 2] 
  wp_2: [37.41033605962967, -6.002250317782855, 1] 