frame_id: /gps

uav_n: 2

uav_1: 
  wp_n: 8
  wp_0: [37.41072829825035,-6.002440420644026,8]
  wp_1: [37.41062869448484,-6.002413163212404,8]
  wp_2: [37.41057156855143,-6.002562810979013,8]
  wp_3: [37.41045750764376,-6.002660419057802,8]
  wp_4: [37.41050626881004,-6.002710647143843,8]
  wp_5: [37.41063230528673,-6.002606097942337,8]
  wp_6: [37.41069120881736,-6.002460065813777,8]
  wp_7: [37.41072829825035,-6.002440420644026,8]

uav_2: 
  wp_n: 11
  wp_0: [37.41071503734535,-6.002732757290686,3]
  wp_1: [37.41061628564984,-6.002737790235577,3]
  wp_2: [37.41061628564984,-6.002737790235577,1]
  wp_3: [37.41061628564984,-6.002737790235577,5]
  wp_4: [37.41065977113708,-6.002682536656286,5]
  wp_5: [37.41068258575974,-6.002633802641462,5]
  wp_6: [37.41068258575974,-6.002633802641462,1]
  wp_7: [37.41068258575974,-6.002633802641462,3]
  wp_8: [37.41066867858057,-6.002686424157896,3]
  wp_9: [37.41061628564984,-6.002737790235577,3]
  wp_10: [37.41071503734535,-6.002732757290686,3]