frame_id: /gps

uav_n: 1

uav_1: 
  wp_n: 3
  wp_0: [37.41043425313495, -6.002225875854493, 5]
  wp_1: [37.41030642366541, -6.002451181411744, 5]
  wp_2: [37.41036607744502, -6.0023438930511475, 5] # Base de recarga 2
