frame_id: /gps

uav_n: 1

uav_1: 
  wp_n: 3
  wp_0: [38.139207123044756, -3.1729727983474736, 5]
  wp_1: [38.139397163281615, -3.1730800867080693, 8]
  wp_2: [38.1392914787, -3.1734564439, 10] # Base de recarga
