id: 2

frame_id: /gps

uav_n: 1

uav_1:
  wp_n: 26
  wp_0: [38.139109,	-3.172224,	445.000000]
  wp_1: [38.13912080,	-3.17217080,	35.000000]
  wp_2: [38.13927800,	-3.17082170,	40.000000]
  wp_3: [38.13954800,	-3.16918020,	50.000000] 
  wp_4: [38.13996570,	-3.16770490,	50.000000]  
  wp_5: [38.14034970,	-3.16629010,	50.000000]
  wp_6: [38.14069140,	-3.16541430,	50.000000]
  wp_7: [38.14214280,	-3.16182020,	50.000000]
  wp_8: [38.14223560,	-3.16151980,	50.000000]
  wp_9: [38.14295700,	-3.15953490,	50.000000]
  wp_10: [38.14356880,	-3.15733020,	50.000000]
  wp_11: [38.14377550,	-3.15623040,	50.000000]
  wp_12: [38.14431550,	-3.15496440,	50.000000]
  wp_13: [38.14462350,	-3.15426710,	50.000000]
  wp_14: [38.14491460,	-3.15468550,	50.000000]
  wp_15: [38.14434080,	-3.15512000,	50.000000]
  wp_16: [38.14383880,	-3.15606950,	50.000000]
  wp_17: [38.14315950,	-3.15880540,	50.000000]
  wp_18: [38.14281360,	-3.15989970,	50.000000]
  wp_19: [38.14227350,	-3.16144870,	50.000000]
  wp_20: [38.14207950,	-3.16197310,	50.000000]
  wp_21: [38.14129890,	-3.16392840,	50.000000]
  wp_22: [38.14042980,	-3.16603660,	50.000000]
  wp_23: [38.13959440,	-3.16899780,	50.000000]
  wp_24: [38.13936660,	-3.17045690,	40.000000]
  wp_25: [38.13920200,	-3.17200720,	0.000000]