frame_id: /gps

uav_n: 3

uav_1:
  wp_n: 15
  wp_0: [38.13921623,-3.17342934,35]
  wp_1: [38.13812205,-3.17595003,29]
  wp_2: [38.13730328,-3.17792210,25]
  wp_3: [38.13655893,-3.17944194,25]
  wp_4: [38.13678154,-3.17941869,24]
  wp_5: [38.13833915,-3.17917399,23]
  wp_6: [38.13970834,-3.17897456,29]
  wp_7: [38.14121326,-3.17874051,46]
  wp_8: [38.14277528,-3.17850524,66]
  wp_9: [38.14393190,-3.17830420,69]
  wp_10: [38.14264575,-3.17693028,68]
  wp_11: [38.14151107,-3.17569420,51]
  wp_12: [38.14025324,-3.17438190,38]
  wp_13: [38.13921623,-3.17342934,35]
  wp_14: [38.13921623,-3.17342934,10]
  idle_vel: 5.000000
  mode_landing: 5


uav_2:
  wp_n: 19
  wp_0: [38.13920577,-3.17380082,30]
  wp_1: [38.13816496,-3.17414770,28]
  wp_2: [38.13785114,-3.17518671,26]
  wp_3: [38.13754426,-3.17620874,24]
  wp_4: [38.13722021,-3.17726303,24]
  wp_5: [38.13689628,-3.17830135,21]
  wp_6: [38.13655791,-3.17943989,21]
  wp_7: [38.13600759,-3.17853438,23]
  wp_8: [38.13611184,-3.17661043,24]
  wp_9: [38.13624164,-3.17419120,29]
  wp_10: [38.13528681,-3.17246087,36]
  wp_11: [38.13429325,-3.17068119,49]
  wp_12: [38.13309466,-3.16850417,56]
  wp_13: [38.13436813,-3.17000182,50]
  wp_14: [38.13558867,-3.17142262,38]
  wp_15: [38.13678612,-3.17269769,30]
  wp_16: [38.13841256,-3.17473740,27]
  wp_17: [38.13920577,-3.17380082,30]
  wp_18: [38.13920577,-3.17380082,10]
  idle_vel: 5.000000
  mode_landing: 2


uav_3:
  wp_n: 26
  wp_0: [38.14044314,-3.16904476,65]
  wp_1: [38.14200043,-3.16620024,71]
  wp_2: [38.14366707,-3.16692363,86]
  wp_3: [38.14429096,-3.17030084,95]
  wp_4: [38.14241550,-3.17359703,89]
  wp_5: [38.14004481,-3.17554871,60]
  wp_6: [38.13836366,-3.17735995,50]
  wp_7: [38.13665264,-3.17986797,47]
  wp_8: [38.13560932,-3.18249816,38]
  wp_9: [38.13538168,-3.18378303,36]
  wp_10: [38.13512893,-3.18524567,32]
  wp_11: [38.13491353,-3.18644925,32]
  wp_12: [38.13470202,-3.18774142,30]
  wp_13: [38.13448064,-3.18895443,24]
  wp_14: [38.13428002,-3.19014457,21]
  wp_15: [38.13403412,-3.19124836,20]
  wp_16: [38.13366533,-3.19278480,20]
  wp_17: [38.13340951,-3.19393168,19]
  wp_18: [38.13492663,-3.19481948,16]
  wp_19: [38.13643429,-3.19418826,18]
  wp_20: [38.13729090,-3.19176827,33]
  wp_21: [38.13624999,-3.18921138,26]
  wp_22: [38.13628671,-3.18566458,31]
  wp_23: [38.13686652,-3.18315326,50]
  wp_24: [38.13786242,-3.17902237,40]
  wp_25: [38.13892789,-3.17482060,25]
  idle_vel: 15.000000
  mode_landing: 2