id: 2

frame_id: /gps

uav_n: 1

uav_3:
  wp_n: 9
  wp_0: [38.138375997443305, -3.1773405161782478, 65]
  wp_1: [38.13943142833439,  -3.1807840028701833, 70]
  wp_2: [38.14144727365843,  -3.181822122543281,  80]
  wp_3: [38.143647061624684, -3.174276228243315,  80]
  wp_4: [38.144303370525726, -3.1702542828251694, 70]
  wp_5: [38.14366708453117,  -3.166920534896718,  70]
  wp_6: [38.14201143757815,  -3.1661941784286967, 50]
  wp_7: [38.140473103825805, -3.1689916463216434, 35]
  wp_8: [38.13939374971573,  -3.172942579546941,  25]
