frame_id: /gps

uav_n: 2

uav_1:  # 1600 m, right UAV (M210) placed near the Ground Station (middle of the runway).
  wp_n: 5
  wp_0: [38.139067, -3.170945, 33]  # 447 m elevation (444 m in the map origin), 30 m inspection height.
  wp_1: [38.138481, -3.173081, 31]  # 445 m elevation (444 m in the map origin), 30 m inspection height.
  wp_2: [38.136549, -3.179444, 23]  # 437 m elevation (444 m in the map origin), 30 m inspection height.
  wp_3: [38.139146, -3.174006, 20]  # Approach point
  wp_4: [38.139301, -3.173455, 10]  # Charging point

uav_2:  # 4600 m, left UAV (VTOL) placed at 50 meters to the left of the Ground Station (at the projection of the tower).
  wp_n: 12
  wp_0: [38.138376, -3.177340, 65]  # Takeoff transition point
  wp_1: [38.135613, -3.182480, 82]  # 426 m elevation (444 m in the map origin), 100 m inspection height.
  wp_2: [38.134265, -3.190139, 65]  # 409 m elevation (444 m in the map origin), 100 m inspection height.
  wp_3: [38.134021, -3.191256, 63]  # 407 m elevation (444 m in the map origin), 100 m inspection height.
  wp_4: [38.133400, -3.193930, 62]  # 406 m elevation (444 m in the map origin), 100 m inspection height.
  wp_5: [38.133065, -3.195580, 59]  # 403 m elevation (444 m in the map origin), 100 m inspection height.
  wp_6: [38.132128, -3.198722, 49]  # 393 m elevation (444 m in the map origin), 100 m inspection height.
  wp_7: [38.136714, -3.198308, 50]  # Auxiliary point
  wp_8: [38.141447, -3.181822, 70]  # Auxiliary point
  wp_9: [38.142140, -3.168901, 50]  # Auxiliary point
  wp_10: [38.140473, -3.168992, 35]  # Approach point to start transition
  wp_11: [38.139394, -3.172943, 25]  # Landing point at 25 m
