id: 2

frame_id: /gps

uav_n: 2

uav_1:
  wp_n: 9
  wp_0: [47.400104, 8.548322, 65]
  wp_1: [47.402215, 8.546277, 70]
  wp_2: [47.400856, 8.536999,  80]
  wp_3: [47.397489, 8.538362,  80]
  wp_4: [47.395715, 8.541846, 70]
  wp_5: [47.395253, 8.544277,  70]
  wp_6: [47.396134, 8.548028, 50]
  wp_7: [47.397619, 8.549508, 35]
  wp_8: [47.398224, 8.545246,  25]
  
uav_2:
  wp_n: 9
  wp_0: [47.400104, 8.548322, 65]
  wp_1: [47.402215, 8.546277, 70]
  wp_2: [47.400856, 8.536999,  80]
  wp_3: [47.397489, 8.538362,  80]
  wp_4: [47.395715, 8.541846, 70]
  wp_5: [47.395253, 8.544277,  70]
  wp_6: [47.396134, 8.548028, 50]
  wp_7: [47.397619, 8.549508, 35]
  wp_8: [47.398224, 8.545246,  25]
