frame_id: /gps

uav_n: 3
#uav_n: 1

uav_1:  # 1250 m, right UAV (M210) placed near the Ground Station (middle of the runway).
  wp_n: 6
  wp_0: [37.19371523359002,-5.88122290570027, 65, 90]  # 440 m elevation (444 m in the map origin), 30 m inspection height.
  wp_1: [37.19428814682383,-5.883277720447751, 65, 120]  # 437 m elevation (444 m in the map origin), 30 m inspection height.
  wp_2: [37.19565926322297,-5.8836878885906, 65, 100]  # 434 m elevation (444 m in the map origin), 30 m inspection height.
  wp_3: [37.197797554763994,-5.8838589990681385, 50, 160]  # Charging point
  wp_4: [37.19815513494827,-5.879932669110644, 35, 160]  # Charging point
  wp_5: [37.19599072679076,-5.880417417153865, 25, 160]  # Charging point
 


uav_2:  # 850 m, left UAV (M210) placed at the end of the runway, passing the "07" on the floor.
  wp_n: 5
  wp_0: [37.1950281807844, -5.880220591029255, 30, 90]  # 440 m elevation (444 m in the map origin), 30 m inspection height.
  wp_1: [37.19478750010398, -5.88016826973171, 30, 120]  # 437 m elevation (444 m in the map origin), 30 m inspection height.
  wp_2: [37.1947589538582, -5.880672970007732, 30, 100]  # 434 m elevation (444 m in the map origin), 30 m inspection height.
  wp_3: [37.19503404313956, -5.880787566387967, 30, 160]  # Charging point
  wp_4: [37.19507139926466, -5.880287711662127, 30, 160]  # Charging point



uav_3:  # 850 m, left UAV (M210) placed at the end of the runway, passing the "07" on the floor.
  wp_n: 7
  wp_0: [37.198216061944045, -5.8784682568858955, 65, 90]  # 440 m elevation (444 m in the map origin), 30 m inspection height.
  wp_1: [37.19967656, -5.8825209, 65, 120]  # 437 m elevation (444 m in the map origin), 30 m inspection height.
  wp_2: [37.19935059, -5.88452401, 65, 100]  # 434 m elevation (444 m in the map origin), 30 m inspection height.
  wp_3: [37.19665697, -5.88412554, 50, 160]  # Charging point
  wp_4: [37.19369731418096, -5.8825532093859465, 35, 160]  # Charging point
  wp_5: [37.193877476105335, -5.880528557052514, 25, 160]  # Charging point
  wp_6: [37.19623662393965, -5.880399326473508, 18.595397121795962, 160]  # Charging point

mode_landing: 0  # 3 return to point 0, 1 return to home, 2 auto landing., 0 no action
mode_yaw: 0 # 0 automode, 1 lock as inicital value , 2 control Rc,3 use wayarpoints