frame_id: /gps

uav_n: 3
#uav_n: 1

uav_1:  # 850 m, left UAV (M210) placed at the end of the runway, passing the "07" on the floor.
  wp_n: 6
  wp_0: [37.41037777601497, -6.002290555430987, 5, 30]  # 440 m elevation (444 m in the map origin), 30 m inspection height.
  wp_1: [37.41042388607671, -6.002358120786607, 5, 50]  # 437 m elevation (444 m in the map origin), 30 m inspection height.
  wp_2: [37.41045268161447, -6.002307943600341, 5, -90]  # 434 m elevation (444 m in the map origin), 30 m inspection height.
  wp_3: [37.41041070477974, -6.002243751168211, 5, -135]  # Charging point
  wp_4: [37.41038633555955, -6.002272734223498, 5, 90]  # Charging point
  wp_5: [37.41041358291749, -6.002296593711942, 5, 90]  # Charging point
  mode_landing: 0  # 3 return to point 0, 1 return to home, 2 auto landing., 0 no action
  mode_yaw: 0 # 0 automode, 1 lock as inicital value , 2 control Rc,3 use wayarpoints

uav_2:  # 1250 m, right UAV (M210) placed near the Ground Station (middle of the runway).
  wp_n: 5
  wp_0: [37.41032551345175, -6.00234968866059, 5, 90]  # 440 m elevation (444 m in the map origin), 30 m inspection height.
  wp_1: [37.41029177858878, -6.00239786092171, 5, 120]  # 437 m elevation (444 m in the map origin), 30 m inspection height.
  wp_2: [37.41033064335883, -6.002445019313821, 5, 100]  # 434 m elevation (444 m in the map origin), 30 m inspection height.
  wp_3: [37.41037038857115, -6.002407302407753, 5, 160]  # Charging point
  wp_4: [37.41033486910013, -6.002360877840722, 5, 160] 
  mode_landing: 2  # 3 return to point 0, 1 return to home, 2 auto landing., 0 no action
  mode_yaw: 2 # 0 automode, 1 lock as inicital value , 2 control Rc,3 use wayarpoints




