frame_id: /gps

uav_n: 3
#uav_n: 1

uav_1:  # 1250 m, right UAV (M210) placed near the Ground Station (middle of the runway).
  wp_n: 4
  wp_0: [37.41031527664839, -6.002355556298255, 5, 90]  # 440 m elevation (444 m in the map origin), 30 m inspection height.
  wp_1: [37.41035892250692, -6.002406773965073, 5, 120]  # 437 m elevation (444 m in the map origin), 30 m inspection height.
  wp_2: [37.41041474947755, -6.002324068339875, 5, 100]  # 434 m elevation (444 m in the map origin), 30 m inspection height.
  wp_3: [37.41037167365715, -6.002275066705595, 5, 160]  # Charging point


uav_2:  # 850 m, left UAV (M210) placed at the end of the runway, passing the "07" on the floor.
  wp_n: 5
  wp_0: [37.41031527664839, -6.002355556298255, 5, 90]  # 440 m elevation (444 m in the map origin), 30 m inspection height.
  wp_1: [37.41035892250692, -6.002406773965073, 5, 120]  # 437 m elevation (444 m in the map origin), 30 m inspection height.
  wp_2: [37.41041474947755, -6.002324068339875, 5, 90]  # 434 m elevation (444 m in the map origin), 30 m inspection height.
  wp_3: [37.41037167365715, -6.002275066705595, 5, 100]  # Charging point
  wp_4: [37.41031527664839, -6.002355556298255, 5, 160]  # Charging point

mode_landing: 2  # 3 return to point 0, 1 return to home, 2 auto landing., 0 no action
mode_yaw: 2 # 0 automode, 1 lock as inicital value , 2 control Rc,3 use wayarpoints