frame_id: /gps

uav_n: 1

uav_1:
  wp_n: 8
  wp_0: [38.14048338973298,  -3.1689486226958934, 65]
  wp_1: [38.14261919061389,  -3.1662852047413423, 70]
  wp_2: [38.14411080966692,  -3.1692002795187193, 80]
  wp_3: [38.143647061624684, -3.174276228243315,  80]
  wp_4: [38.14286228,        -3.17959361,         70]
  wp_5: [38.13940903,        -3.1817727,          50]
  wp_6: [38.13813036413329,  -3.1782676128519256, 40]
  wp_7: [38.13916910337578,  -3.1739354615983473, 25]
