frame_id: /gps

uav_n: 1


uav_1:           #M210_GPS.     Base height: 444  [m].     Inspection height: 40  [m].
  wp_n: 5
  wp_0: [38.139352, -3.173436,20.56164551, 0]
  wp_1: [38.139373, -3.173336,20.37417603, 0]
  wp_2: [38.139291, -3.173292,20.56164551, 0]
  wp_3: [38.139229, -3.173426,20.37417603, 0]
  wp_4: [38.13924881515751,-3.1734308204751116,9.37417603, -20]
  idle_vel: 7.50000000
  mode_landing: 5


