frame_id: /gps

uav_n: 3


uav_1:           #M210_GPS.     Base height: 444  [m].     Inspection height: 40  [m].
  wp_n: 5
  wp_0: [38.139352, -3.173436,20.56164551, 0]
  wp_1: [38.139373, -3.173336,20.37417603, 0]
  wp_2: [38.139291, -3.173292,20.56164551, 0]
  wp_3: [38.13921783,-3.17343016,20.37417603, 0]
  wp_4: [38.13921783,-3.17343016,9.37417603, -20]
  idle_vel: 7.50000000
  mode_landing: 5

uav_2:           #M210_GPS.     Base height: 444  [m].     Inspection height: 40  [m].
  wp_n: 5
  wp_0: [38.139318, -3.173615,20.56164551, 0]
  wp_1: [38.139290, -3.173709,20.37417603, 0]
  wp_2: [38.139185, -3.173669,20.56164551, 0]
  wp_3: [38.139217, -3.173561,20.37417603, 0]
  wp_4: [38.139262, -3.173589,9.37417603, 0]
  idle_vel: 7.50000000
  mode_landing: 2

